sample: 
tensor([[[[ -6.8672,   8.4219, -21.3281,  ..., -15.1562,  10.8438,  -5.9336],
          [ -3.3809,  -0.7812,  -6.2773,  ...,   3.0430,  -5.9648,  12.5781],
          [-13.1641,  17.2188,  11.1484,  ...,  -6.9102,  23.9219,  -6.7070],
          ...,
          [ -5.4766,   7.8398, -13.5469,  ...,   2.1133,  -3.4473,  14.8438],
          [ -9.1641,  -3.8027,   3.0625,  ...,  19.8281,  -0.3218,   3.4258],
          [  8.0234,  -3.2305, -28.4062,  ...,   1.5068,   9.8047, -14.5781]],

         [[-23.4844,   6.9414, -14.3984,  ..., -17.5781,   2.3438,  18.6875],
          [-15.0078,  -8.0078,  22.0000,  ...,   4.2539,  -0.8887,   7.4688],
          [ 15.4062,  -7.1172,   9.9766,  ..., -30.9062,  20.9062,  25.4688],
          ...,
          [  3.7109,   8.5703,  -6.9766,  ...,   9.4688,   4.3125,  -3.1426],
          [-10.2969,   5.9219,  -8.3281,  ...,   1.6074,   8.7969, -11.9453],
          [ -8.2812, -12.3438,  -9.7188,  ..., -13.9609, -14.9688,   8.6641]],

         [[ 12.0469, -10.5859,  26.4375,  ..., -22.4062,   7.9219,  -2.1387],
          [ -7.2578,  -2.4590, -41.7812,  ..., -18.7031,  29.1250,  16.4844],
          [  1.5459,  -6.4102, -30.6406,  ...,   2.1152,   3.6797,   3.0020],
          ...,
          [-13.1406,  -0.8818,  10.8750,  ...,   8.7891,  10.8750,  10.3906],
          [-12.1719,  17.1562,  -6.8281,  ...,   9.1797,  16.5000,   0.5249],
          [ -3.2656,   0.5459,  12.0312,  ...,  23.9219, -21.3125,  -8.7734]],

         [[  9.6016, -45.5312, -10.4297,  ...,  13.6484,  10.0703,  15.9766],
          [ 15.7266,  64.6250,  27.2969,  ...,  -1.3936,  -2.1426, -13.6328],
          [-11.6562,  -8.1641, -20.6562,  ...,  26.9375,  -6.6406,   6.1172],
          ...,
          [ -3.0508,  -4.6016,  -6.2422,  ...,   8.0312,  25.1875,  14.3984],
          [ -0.2332,  -8.5078,  -2.3984,  ..., -19.0469,  24.6719,  -7.0000],
          [ 28.3750,  -7.3789,  11.2109,  ...,  11.1953,   4.6836,  21.0312]]]],
       device='cuda:0', dtype=torch.float16)
timestep: 
279
encoder_hidden_states: 
tensor([[[-0.3816,  0.0190, -0.0597,  ..., -0.4897, -0.3018,  0.0656],
         [ 0.2769, -0.8350, -0.2241,  ..., -0.7363, -0.4646, -0.4485],
         [ 0.9951,  0.1396,  1.0205,  ...,  0.0336,  0.1027,  0.2588],
         ...,
         [-0.4622,  0.6123,  0.5742,  ..., -1.0312, -1.1660, -0.1807],
         [-0.4617,  0.6079,  0.5684,  ..., -1.0283, -1.1602, -0.1893],
         [-0.4351,  0.6157,  0.6201,  ..., -0.9575, -1.1494, -0.2274]]],
       device='cuda:0', dtype=torch.float16)
class_labels: 
None
timestep_cond: 
tensor([[ 5.0684e-01,  8.0420e-01, -8.6035e-01,  1.0000e+00, -3.3447e-01,
          9.9902e-01,  6.7993e-02, -4.3970e-01, -8.5254e-01,  2.1350e-01,
          2.6172e-01, -9.8242e-01, -6.9434e-01, -1.2769e-01, -6.8701e-01,
          6.5967e-01,  7.0801e-01, -9.5508e-01, -7.7942e-02, -7.6221e-01,
          9.7510e-01, -3.6206e-01, -3.3252e-01,  7.7051e-01,  3.7012e-01,
         -9.9365e-01,  3.2153e-01,  9.8877e-01,  9.8975e-01, -1.2833e-02,
          9.8999e-02, -7.5439e-01,  5.5273e-01, -1.0000e+00, -7.5049e-01,
          9.3140e-02, -7.7930e-01,  7.3486e-01, -9.3945e-01, -7.9980e-01,
          9.9951e-01, -2.4109e-01, -1.4685e-01,  9.9170e-01, -8.9453e-01,
         -6.7627e-01, -7.5781e-01, -7.5391e-01,  9.7559e-01, -6.5283e-01,
         -8.3105e-01, -4.9048e-01, -8.1689e-01, -7.7979e-01,  9.2676e-01,
         -7.5586e-01,  9.3604e-01, -8.0859e-01, -5.9521e-01,  3.6743e-01,
          7.7051e-01,  7.8857e-01,  4.7534e-01, -3.2227e-01, -9.9951e-01,
         -4.7089e-02,  9.6289e-01, -7.8369e-01,  2.4072e-01,  1.4807e-01,
         -2.8906e-01,  2.0630e-01,  9.1187e-02, -5.5566e-01,  9.5557e-01,
         -8.4912e-01, -3.2043e-04,  9.1846e-01, -6.2549e-01, -6.8555e-01,
          7.4219e-01,  7.3486e-01, -5.2344e-01, -9.6631e-01, -1.1987e-01,
          8.3447e-01,  9.0234e-01,  1.6614e-01, -6.6211e-01, -1.0000e+00,
         -7.3047e-01, -1.0205e-01,  5.3467e-01,  9.2627e-01,  9.8193e-01,
          7.4805e-01,  3.3936e-01, -1.1725e-01, -5.2148e-01, -8.1348e-01,
         -9.6924e-01, -9.9512e-01, -9.1211e-01, -7.5049e-01, -5.3906e-01,
         -3.0493e-01, -6.8420e-02,  1.5540e-01,  3.5693e-01,  5.3027e-01,
          6.7432e-01,  7.8809e-01,  8.7451e-01,  9.3555e-01,  9.7461e-01,
          9.9512e-01,  1.0000e+00,  9.9219e-01,  9.7461e-01,  9.4922e-01,
          9.1797e-01,  8.8281e-01,  8.4473e-01,  8.0518e-01,  7.6465e-01,
          7.2363e-01,  6.8359e-01,  6.4404e-01,  8.6182e-01,  5.9424e-01,
         -5.0928e-01, -1.0597e-02, -9.4238e-01,  4.3793e-02,  9.9756e-01,
         -8.9795e-01, -5.2246e-01,  9.7705e-01, -9.6533e-01, -1.8701e-01,
         -7.1924e-01,  9.9170e-01, -7.2656e-01, -7.5146e-01,  7.0654e-01,
         -2.9639e-01,  9.9707e-01,  6.4697e-01,  2.2253e-01,  9.3213e-01,
          9.4336e-01,  6.3770e-01, -9.2920e-01,  1.1078e-01,  9.4678e-01,
          1.5002e-01,  1.4233e-01,  1.0000e+00, -9.9512e-01, -6.5674e-01,
         -8.3350e-01,  2.0126e-02, -6.6113e-01,  9.9561e-01,  6.2646e-01,
          6.7822e-01,  3.4253e-01,  6.0010e-01,  2.6978e-02,  9.7070e-01,
          9.8926e-01, -1.2878e-01,  4.4751e-01, -7.3633e-01, -6.5234e-01,
          6.5674e-01, -2.1960e-01,  7.5781e-01, -5.5615e-01, -8.7158e-01,
         -5.7715e-01,  6.2598e-01,  3.7598e-01, -6.5430e-01,  3.5156e-01,
          5.8887e-01, -8.0371e-01, -9.3018e-01, -6.3721e-01, -6.1523e-01,
         -8.7988e-01, -9.4678e-01, -3.7048e-02,  9.9902e-01, -2.6978e-01,
         -6.2109e-01,  9.7070e-01, -9.8877e-01,  9.5752e-01, -9.7852e-01,
          9.9561e-01, -8.3154e-01,  2.9419e-01,  5.2783e-01, -1.0000e+00,
          3.9575e-01,  7.8027e-01, -7.2803e-01, -6.7041e-01,  6.7822e-01,
          8.5205e-01, -2.5708e-01, -9.9268e-01, -5.5127e-01,  4.3140e-01,
          9.8633e-01,  7.4951e-01,  1.8509e-02, -6.8311e-01, -9.9463e-01,
         -8.4521e-01, -3.7720e-01,  1.8860e-01,  6.6357e-01,  9.4043e-01,
          9.9316e-01,  8.5303e-01,  5.8154e-01,  2.4524e-01, -9.9121e-02,
         -4.0967e-01, -6.6113e-01, -8.4229e-01, -9.5215e-01, -9.9756e-01,
         -9.8779e-01, -9.3408e-01, -8.4766e-01, -7.3877e-01, -6.1523e-01,
         -4.8535e-01, -3.5352e-01, -2.2424e-01, -1.0034e-01,  1.6418e-02,
          1.2482e-01,  2.2437e-01,  3.1494e-01,  3.9673e-01,  4.6997e-01,
          5.3516e-01,  5.9326e-01,  6.4453e-01,  6.8994e-01,  7.2998e-01,
          7.6465e-01]], device='cuda:0', dtype=torch.float16)
attention_mask: 
None
cross_attention_kwargs: 
None
added_cond_kwargs: 
None
down_block_additional_residuals: 
None
mid_block_additional_residual: 
None
down_intrablock_additional_residuals: 
None
encoder_attention_mask: 
None
return_dict: 
False
